80 3000
6 47
11 32
57 71
2 70
15 74
50 70
23 76
52 75
19 32
50 69
33 52
69 75
75 79
31 72
34 36
34 76
11 55
45 57
61 64
61 69
30 32
73 76
55 57
55 80
41 73
25 59
49 57
44 73
66 74
60 72
12 36
57 74
51 54
18 73
21 69
6 61
5 68
63 80
37 75
40 69
38 45
19 77
51 79
48 75
76 78
10 34
41 53
46 62
71 74
3 75
75 80
9 51
7 31
70 80
69 80
25 40
30 75
48 64
65 70
8 21
68 77
69 71
17 52
42 65
43 44
23 37
56 74
9 42
18 29
40 58
21 46
42 75
9 31
63 73
43 48
22 38
47 55
55 64
6 36
75 77
43 79
40 53
12 50
37 51
18 78
64 68
31 35
73 78
65 76
26 54
48 49
13 63
47 78
4 34
51 60
42 80
57 66
0 8
24 29
9 46
69 73
1 31
18 62
21 71
47 66
48 62
36 59
29 32
0 18
33 42
8 18
47 67
64 76
0 9
77 79
26 29
31 74
65 71
65 75
30 57
78 80
7 59
49 53
8 57
27 35
6 23
75 76
56 76
14 34
59 78
21 28
68 71
32 55
57 60
22 74
21 31
4 51
76 80
38 64
45 63
31 69
32 75
42 47
55 72
32 61
9 61
36 49
59 64
8 27
58 64
73 79
37 76
63 67
1 49
60 67
26 68
20 49
21 50
67 76
12 33
7 76
68 70
24 28
45 61
47 68
16 56
54 59
42 71
15 43
70 74
31 45
31 46
71 77
10 18
49 79
0 5
23 25
25 61
3 59
24 50
38 72
4 66
55 56
74 76
67 72
29 39
40 67
42 56
6 14
4 17
51 80
50 67
41 75
35 68
3 17
38 60
13 58
25 52
33 78
43 77
43 63
59 71
69 76
17 50
43 51
29 52
28 41
47 52
47 61
48 59
9 48
32 74
9 45
20 75
12 64
18 31
64 69
27 34
17 40
53 57
62 73
48 55
71 72
76 77
60 64
34 69
18 58
71 73
38 58
53 80
40 74
27 44
9 26
14 25
0 69
12 55
79 80
26 75
7 66
61 73
6 49
14 66
35 80
3 61
43 72
20 78
16 53
32 72
21 24
20 63
71 79
44 47
17 39
64 71
51 69
0 23
19 52
48 58
37 61
16 45
70 79
34 68
42 72
20 40
52 57
18 66
39 43
67 74
34 37
4 79
60 80
39 73
42 53
16 27
1 61
14 60
66 72
16 69
66 73
61 76
22 34
17 62
43 47
34 70
51 55
32 37
41 67
25 76
35 74
49 70
3 74
52 80
47 76
13 32
30 60
58 76
21 55
22 76
47 71
20 43
22 55
38 44
4 47
56 71
61 75
30 44
54 80
59 80
44 55
71 78
38 41
3 31
20 52
3 19
69 79
18 20
40 70
46 61
23 74
72 78
39 71
47 74
51 66
40 63
33 69
58 74
54 61
50 72
11 43
28 38
25 37
65 79
11 70
4 5
24 40
38 59
72 80
23 69
24 59
60 73
59 63
54 57
3 15
5 31
9 41
49 50
28 71
10 79
66 75
73 74
18 49
74 77
68 79
32 43
13 79
48 53
15 58
62 70
56 72
36 77
40 54
42 51
69 78
45 65
3 5
24 80
0 70
58 69
45 59
1 68
46 50
52 65
55 68
17 43
14 63
43 73
19 76
21 32
44 77
63 69
47 50
72 77
61 65
77 78
4 75
72 79
25 56
77 80
7 70
53 76
55 66
56 79
71 75
55 58
43 53
1 22
14 43
73 77
64 65
56 70
63 68
66 71
52 55
29 74
34 77
42 68
8 68
40 49
57 68
74 75
15 21
43 56
2 57
13 76
14 50
68 75
27 70
48 79
66 68
57 69
0 64
2 18
9 28
67 70
32 34
6 9
40 66
24 51
52 63
14 72
17 46
32 45
39 80
22 42
17 73
53 75
70 78
76 79
33 43
60 68
71 80
46 54
15 39
3 34
50 80
53 73
22 47
2 56
19 57
64 77
22 63
67 79
36 50
30 63
7 21
68 76
40 57
8 66
17 22
9 71
4 44
66 77
15 76
8 74
9 24
5 16
13 23
61 68
18 33
63 66
16 41
39 62
10 24
8 42
72 73
35 75
2 35
56 66
9 52
47 49
16 74
23 33
50 74
56 75
56 64
10 22
31 64
12 59
40 41
39 53
69 70
46 58
57 62
19 75
32 58
28 34
64 67
49 72
52 79
44 80
1 43
62 74
27 42
50 51
2 79
62 71
43 49
21 57
5 41
9 65
58 65
25 70
3 60
50 71
51 78
24 77
42 52
61 71
39 48
42 59
49 55
13 59
37 40
56 58
56 80
58 77
70 76
4 16
2 8
59 60
12 35
25 63
33 47
9 76
13 15
73 80
64 73
0 47
18 45
4 49
20 76
43 46
66 78
53 78
12 41
63 64
36 65
49 56
61 67
27 40
35 70
29 49
31 42
57 70
1 13
65 80
52 54
6 80
12 32
3 67
19 56
11 21
32 54
31 50
64 78
16 75
62 64
47 63
6 7
26 65
32 67
9 47
20 41
13 68
46 68
13 52
70 77
11 47
7 34
58 72
47 60
50 75
45 52
28 39
23 80
19 58
27 64
34 78
6 69
19 36
29 67
68 72
23 62
34 45
20 37
11 14
14 27
61 77
23 61
59 62
5 27
54 60
52 58
55 79
0 2
24 56
6 8
72 74
11 12
44 64
16 25
19 21
26 51
13 41
38 69
18 48
36 70
11 69
22 60
31 68
51 61
45 51
10 29
17 57
39 59
44 71
5 61
78 79
14 26
57 59
66 80
50 64
5 32
47 79
25 38
16 47
9 56
41 80
4 50
24 33
48 52
61 70
5 28
64 74
36 41
12 29
47 80
8 47
74 79
53 60
46 52
0 34
5 24
42 61
49 62
5 48
4 65
59 69
5 26
7 75
22 37
68 78
47 65
5 44
54 75
41 45
10 63
45 77
53 55
51 73
28 70
54 55
40 61
16 33
29 36
40 76
31 79
12 40
15 62
63 76
21 63
33 61
3 58
58 71
6 43
5 76
20 29
3 9
36 75
36 80
40 55
27 65
72 76
4 72
32 77
2 59
1 30
1 51
4 61
20 56
18 76
13 28
54 68
7 80
5 25
25 43
9 43
33 37
18 35
48 66
22 57
52 78
31 61
40 72
3 51
12 57
28 36
16 61
52 67
0 75
37 47
65 66
35 54
52 59
42 70
35 65
3 63
22 30
1 65
47 64
18 68
56 78
9 79
36 52
40 44
62 75
55 75
54 72
37 42
40 77
6 41
13 51
26 55
48 60
49 80
27 45
19 64
19 48
3 38
22 43
8 26
9 13
11 20
30 59
20 71
55 62
11 57
53 70
72 75
21 43
45 69
71 76
16 65
64 66
19 33
33 60
10 50
39 78
75 78
63 75
42 43
23 70
12 22
59 66
68 73
8 58
60 70
58 61
17 31
30 49
44 79
20 60
3 14
30 76
58 73
35 40
37 54
46 49
5 47
58 59
1 57
33 72
35 66
37 50
38 56
29 78
36 51
31 33
54 77
52 76
46 56
54 70
66 76
16 42
35 61
43 71
37 52
4 20
0 56
51 77
11 62
2 48
37 55
49 52
29 75
50 78
58 80
3 25
18 50
0 16
54 74
26 74
15 32
9 16
11 61
62 76
32 41
8 25
8 43
28 43
30 61
16 18
27 54
59 70
34 63
9 12
56 62
34 41
69 74
31 39
59 75
21 76
15 65
58 60
59 65
20 34
46 65
68 74
16 37
5 11
2 44
45 47
10 70
65 72
21 42
70 71
21 51
45 73
14 31
18 24
18 40
48 54
24 58
23 49
37 71
18 61
48 68
21 36
42 77
12 18
25 74
36 61
22 75
47 69
3 6
14 29
49 54
16 32
10 14
50 76
67 80
15 45
63 74
49 66
4 26
30 51
15 54
57 80
52 53
55 65
20 25
29 58
2 73
17 80
56 65
4 11
44 61
22 53
58 66
65 67
2 22
14 47
56 69
1 69
11 60
67 78
62 78
9 18
6 16
45 60
7 25
35 78
4 76
27 68
36 69
27 31
27 39
36 68
32 47
27 77
59 73
60 61
21 77
46 71
35 56
18 38
43 68
17 47
28 42
18 32
54 69
53 54
23 79
14 30
65 73
38 80
29 42
35 44
26 41
13 48
44 63
17 25
18 55
2 80
26 35
30 42
1 24
20 54
60 75
54 66
21 60
8 12
50 59
43 55
21 65
26 36
66 67
34 64
27 38
24 38
11 16
1 46
4 69
7 69
24 32
28 50
31 34
39 46
27 62
53 61
48 78
37 80
52 61
24 71
3 69
17 48
41 58
10 43
52 74
51 74
12 74
51 64
9 36
2 69
35 59
57 64
2 74
10 52
32 71
37 45
45 80
20 28
55 67
39 44
19 43
23 57
60 69
3 46
32 52
65 77
42 76
48 67
28 65
31 76
24 46
26 33
59 67
26 79
3 11
8 11
25 47
48 63
11 76
0 57
24 78
13 56
35 76
0 79
17 68
30 33
60 76
23 59
15 19
25 71
36 55
50 77
48 56
21 27
2 4
8 33
11 65
13 71
56 60
13 26
10 78
36 44
35 48
6 26
32 79
20 23
28 80
57 79
1 38
42 49
13 42
11 56
36 43
13 74
41 48
37 57
18 28
35 58
5 80
70 75
57 77
60 79
41 47
5 10
74 80
52 72
65 74
16 35
60 77
57 75
41 59
21 74
24 26
5 49
47 62
17 32
5 59
25 30
50 68
49 58
40 47
3 30
19 46
19 31
2 14
67 71
37 73
50 61
9 34
44 59
62 68
33 49
25 64
21 58
8 67
33 54
45 72
8 59
8 34
31 51
6 31
40 71
15 40
46 47
16 36
29 44
39 67
42 73
37 39
20 27
36 76
35 69
57 78
29 47
23 78
59 68
62 63
44 75
37 56
23 35
22 32
17 53
17 55
66 69
31 73
14 53
19 35
53 58
5 64
2 46
41 42
65 69
16 80
16 29
51 52
8 29
25 27
31 53
43 70
49 74
24 67
30 54
23 45
41 66
57 63
33 38
45 56
15 49
30 80
10 13
47 57
52 64
3 33
30 46
51 59
19 67
7 20
19 65
65 68
63 79
49 51
50 52
4 37
39 47
13 25
25 62
63 71
12 80
28 53
45 67
14 71
43 52
29 68
43 65
5 51
0 1
55 60
22 40
8 16
27 52
39 77
33 70
57 61
39 65
64 79
0 35
9 70
39 51
38 49
7 27
28 63
23 31
29 38
38 40
1 5
53 62
22 54
27 48
13 77
44 68
28 79
9 11
5 29
3 70
10 44
13 55
39 64
12 23
9 21
14 44
21 68
50 55
13 57
24 43
60 65
48 72
4 54
53 59
47 48
18 80
20 62
10 31
14 16
16 40
16 55
27 49
60 74
55 78
25 32
14 49
6 54
1 18
44 45
17 18
38 39
31 41
15 68
55 63
45 49
61 63
6 25
16 57
43 45
21 44
25 72
39 79
17 41
22 65
8 62
41 63
21 80
27 67
55 59
8 70
29 30
21 23
23 68
19 23
33 74
70 73
53 69
39 40
38 66
21 79
10 66
33 48
33 80
12 15
49 59
40 46
45 54
50 79
53 74
23 56
27 47
58 67
51 72
2 77
10 32
1 8
10 21
50 54
8 65
41 49
23 75
54 73
12 38
67 73
34 57
4 35
26 34
0 14
21 48
8 35
33 46
6 71
23 43
7 71
46 63
17 29
74 78
31 40
43 57
56 77
35 42
52 69
3 48
15 77
8 72
14 79
29 63
23 36
27 37
43 60
15 73
19 27
9 22
30 74
35 57
11 27
19 28
12 39
6 12
57 65
23 60
10 61
42 60
64 72
10 35
52 60
19 80
51 58
3 68
8 52
23 46
22 68
34 46
4 64
7 55
15 22
70 72
23 66
21 62
1 39
41 51
12 47
1 20
42 58
11 38
16 20
18 52
61 80
8 15
25 49
22 61
51 57
1 56
42 57
18 59
53 68
4 28
36 57
40 43
43 66
5 7
16 54
29 59
41 79
2 65
10 59
38 43
67 68
38 55
47 53
58 78
5 12
35 49
7 35
44 54
13 34
17 58
7 41
10 12
19 53
62 66
33 36
44 70
41 62
25 75
18 42
4 30
15 26
64 75
40 51
62 65
59 61
56 59
2 24
28 48
24 41
2 66
50 56
4 48
17 59
5 19
51 62
15 28
50 57
44 78
32 46
23 54
11 39
18 21
20 79
62 77
0 44
1 44
10 16
16 49
7 23
50 62
12 37
45 76
7 11
20 69
20 80
20 36
32 65
9 27
17 34
33 41
30 37
52 77
8 37
5 23
28 31
30 67
18 74
18 44
44 49
32 78
22 45
58 70
51 68
42 64
18 60
13 29
55 69
54 63
34 48
33 50
17 19
8 80
20 42
45 58
34 66
21 22
10 76
18 65
37 66
73 75
60 66
1 41
32 73
36 40
9 33
38 48
29 69
27 59
51 71
27 71
12 51
68 80
8 78
45 75
31 36
3 56
32 57
45 53
19 74
40 52
47 73
14 51
1 2
47 59
53 71
62 67
44 57
54 64
7 22
2 61
41 54
25 58
55 74
69 72
61 62
6 57
25 46
26 52
16 30
28 59
14 20
36 48
13 49
27 75
10 80
25 29
30 72
60 71
3 64
13 78
6 20
9 15
36 74
34 67
23 26
0 65
32 66
1 59
16 22
11 50
7 28
0 10
34 60
15 36
2 29
35 72
11 67
41 46
3 49
46 70
28 44
7 18
1 36
62 79
23 28
50 65
34 47
2 64
4 42
68 69
39 56
18 57
18 19
14 56
22 79
13 75
28 40
29 76
24 76
23 39
19 22
4 59
9 44
28 69
42 44
28 33
18 30
36 67
40 56
13 37
28 55
0 30
10 58
13 33
58 62
41 69
33 71
43 64
46 53
34 62
44 67
49 78
39 68
35 55
13 73
24 61
3 24
41 76
13 30
7 77
6 22
41 43
61 79
18 37
36 42
13 24
7 13
18 56
40 60
29 51
40 78
46 73
10 15
18 41
13 19
7 42
26 56
33 53
57 67
39 61
31 44
17 77
26 37
50 73
2 11
36 73
48 65
24 60
20 21
11 73
6 15
23 27
19 24
5 65
53 56
12 68
11 46
26 77
34 72
11 40
23 48
45 70
60 62
19 70
56 73
64 70
40 68
6 62
22 62
9 77
28 73
40 79
28 67
29 55
29 77
62 80
51 75
34 40
24 53
4 38
15 27
36 37
5 46
2 25
20 47
3 66
4 22
32 60
6 21
14 46
1 23
32 63
17 61
12 58
62 69
8 50
39 42
37 79
61 66
44 76
29 73
59 77
51 76
4 45
43 75
7 63
33 62
29 48
33 75
29 50
8 46
35 53
26 48
13 22
12 52
29 35
12 27
31 32
43 80
67 69
53 66
24 73
36 53
34 42
29 43
8 41
9 53
1 35
13 72
4 12
14 76
10 54
21 54
35 60
15 56
43 50
17 27
7 47
37 78
55 73
14 57
39 74
26 45
22 26
26 53
3 40
8 32
0 80
6 58
52 71
8 64
19 37
58 68
1 26
46 55
4 14
36 58
9 67
5 73
6 32
7 74
61 78
38 51
9 80
33 51
23 29
32 35
15 33
5 43
21 64
34 54
29 31
30 50
49 65
24 55
46 64
42 74
14 74
54 76
41 60
59 74
31 63
15 16
35 77
63 72
45 62
15 46
43 59
15 79
41 52
30 77
18 79
55 61
9 57
0 60
29 45
0 37
10 42
44 62
10 33
18 47
5 39
15 31
9 10
26 63
29 53
6 50
1 29
19 47
27 72
49 68
44 50
16 19
19 59
16 21
10 40
23 41
20 66
27 56
5 42
3 80
40 62
35 50
11 59
38 74
63 70
21 72
32 50
16 26
56 61
19 29
6 18
27 74
24 27
54 67
16 78
49 76
54 65
34 49
4 70
4 58
1 25
38 42
26 69
51 70
6 48
46 69
3 72
30 71
13 40
55 71
12 42
22 29
14 61
59 72
36 63
1 16
16 17
22 64
18 22
0 21
66 70
13 66
66 79
36 79
27 63
19 20
34 51
16 39
2 37
15 29
7 9
42 66
47 70
34 55
37 74
54 58
20 26
37 63
23 32
53 67
34 38
12 79
0 53
3 20
27 30
26 44
36 38
28 57
49 77
50 60
9 54
3 13
1 33
12 78
45 68
35 64
28 58
1 11
58 79
0 54
42 79
0 39
22 49
4 41
34 74
8 79
42 63
11 36
33 76
23 77
11 80
10 53
39 49
17 60
38 53
64 80
37 38
30 68
0 27
35 41
63 65
0 4
5 52
5 74
35 62
37 67
6 70
21 52
12 53
38 62
36 71
49 69
5 6
16 77
22 50
45 64
13 16
57 76
13 54
33 64
19 51
11 22
32 76
60 63
39 57
43 76
22 66
37 69
26 31
26 49
29 57
26 72
24 37
57 72
22 71
20 70
27 69
14 21
34 52
42 45
11 75
9 19
13 64
28 32
37 41
23 67
21 26
35 51
37 58
53 79
24 66
4 19
42 50
48 70
5 75
14 35
54 71
28 49
47 75
44 51
44 46
19 63
11 64
0 50
7 30
26 38
29 71
25 41
35 43
5 36
23 30
12 65
1 37
49 71
47 54
38 71
6 39
45 79
28 66
27 78
0 68
1 60
5 17
23 71
52 70
9 20
31 59
49 73
36 54
17 64
53 77
29 65
6 51
28 78
2 26
6 46
50 63
49 64
2 38
7 24
5 37
31 58
6 42
47 72
21 61
16 73
36 39
40 73
26 30
38 61
56 67
27 60
32 80
24 47
2 42
15 67
53 65
4 7
46 59
44 56
18 26
28 60
2 62
7 15
9 74
46 80
13 46
15 48
43 54
57 58
2 53
4 80
11 42
48 50
19 55
6 74
65 78
32 42
15 64
50 58
42 48
4 60
24 34
5 18
41 68
12 30
42 78
20 35
25 35
46 51
29 37
38 65
14 38
35 47
4 21
38 54
22 35
51 63
16 52
61 72
12 43
52 66
2 30
20 38
20 77
1 27
10 56
12 16
16 51
14 58
18 70
8 9
0 33
2 75
20 24
5 8
22 36
2 39
44 52
31 47
42 55
42 69
51 65
11 25
15 75
29 40
24 25
21 73
15 20
6 37
48 51
31 60
1 10
9 39
46 77
38 67
60 78
31 77
40 64
23 73
34 44
16 34
61 74
36 72
1 63
12 75
0 66
1 3
30 47
25 55
46 76
11 71
63 78
17 37
14 15
21 39
15 60
26 46
5 53
0 63
13 65
22 73
56 57
32 68
4 56
7 57
26 61
29 33
3 32
18 64
9 66
26 39
18 46
11 45
45 66
8 55
26 58
38 52
4 77
33 35
56 68
69 77
33 66
19 38
44 58
39 75
49 63
5 13
19 60
3 44
40 42
1 52
10 72
6 19
20 33
13 53
20 68
38 79
7 62
23 40
23 38
6 59
8 61
36 47
32 64
3 41
23 52
14 77
22 78
42 62
25 39
54 56
17 23
21 59
1 32
7 8
23 58
45 46
20 64
34 59
19 61
39 72
3 36
8 60
32 56
6 78
39 69
37 77
10 74
1 45
27 51
10 45
36 66
26 50
46 67
41 70
23 55
4 63
6 76
5 70
8 73
20 53
42 67
35 73
24 74
31 38
17 28
1 75
11 54
37 59
15 53
18 51
10 39
13 45
3 12
25 79
26 62
17 44
39 70
31 78
17 76
15 50
36 78
6 38
1 21
18 53
4 43
43 74
46 60
14 39
12 72
30 43
48 73
18 72
7 48
38 78
17 54
8 36
49 67
14 67
15 37
13 38
2 60
15 24
23 65
7 79
34 53
11 77
3 43
36 64
34 61
34 71
8 44
7 10
35 45
20 61
14 78
23 64
14 54
18 75
57 73
14 59
9 38
17 35
8 75
51 56
9 55
16 60
47 77
55 77
0 7
3 37
39 50
3 50
12 56
11 29
38 46
0 41
51 67
16 66
5 57
12 66
37 49
7 72
53 72
29 66
8 30
45 71
48 71
49 60
3 78
32 48
1 71
20 65
34 79
10 67
1 47
39 60
9 29
28 47
12 13
10 57
31 67
62 72
14 33
38 50
13 62
38 77
53 63
41 50
45 74
2 20
16 46
58 63
1 62
19 62
39 55
13 18
11 44
59 76
3 4
39 45
28 62
5 14
27 46
15 80
50 66
31 56
17 24
30 79
29 62
5 56
30 38
56 63
18 34
10 28
19 79
41 64
25 42
24 35
32 38
46 72
4 25
11 53
8 28
28 77
1 77
45 48
14 80
21 41
11 15
22 58
12 26
28 64
26 43
17 78
10 20
33 63
34 58
41 77
10 36
28 74
18 23
48 61
33 40
44 72
14 62
7 68
39 41
32 36
41 72
35 37
29 72
10 51
22 67
24 63
23 42
2 50
9 35
24 42
25 69
0 52
9 69
25 34
46 66
2 76
58 75
12 48
48 80
0 32
12 54
12 28
12 73
46 57
32 39
59 79
15 57
44 66
10 77
40 45
1 12
33 34
10 49
33 39
0 59
39 63
29 64
21 30
13 67
22 31
8 23
22 24
9 50
40 50
14 52
20 32
4 71
51 53
20 46
1 14
55 70
1 6
5 9
9 17
41 44
9 32
24 70
18 69
39 76
9 72
2 36
48 76
2 23
12 25
1 78
67 75
20 67
48 77
15 61
13 43
3 73
43 67
22 48
8 17
26 66
30 52
3 35
14 32
0 61
12 17
4 73
48 57
11 52
11 48
6 33
16 50
30 65
39 66
0 77
28 61
25 31
20 51
30 70
25 66
27 58
21 67
10 55
29 34
11 23
21 33
43 62
6 73
14 23
30 31
10 62
34 65
13 80
6 63
4 67
4 18
40 80
28 72
20 55
16 24
2 3
9 64
17 69
7 26
48 69
26 73
6 77
17 56
17 66
10 17
38 76
0 73
44 48
32 69
9 40
22 44
2 51
33 57
46 78
7 14
11 41
30 58
0 45
1 40
38 47
4 46
9 62
6 17
4 10
32 70
10 65
7 19
11 63
27 53
13 70
3 52
4 53
7 43
30 40
5 34
13 36
38 68
25 80
37 72
14 48
17 49
29 56
10 41
3 22
52 56
15 18
14 18
27 61
28 51
7 53
50 53
33 58
23 34
17 75
12 34
0 19
44 60
40 48
12 62
3 45
6 29
33 73
0 48
16 43
52 73
33 77
4 74
21 25
8 56
5 58
19 69
23 63
16 62
19 45
27 55
31 62
41 65
21 66
2 78
7 60
35 36
47 58
44 74
34 35
18 43
20 39
26 78
23 51
46 75
45 78
16 71
4 15
16 23
1 50
6 75
2 47
0 76
21 35
0 40
15 78
5 33
31 37
30 53
9 25
2 19
8 13
24 68
27 66
6 56
2 7
5 40
48 74
25 44
24 64
31 57
1 74
12 19
0 3
5 50
6 24
5 30
52 62
13 39
37 70
19 40
54 79
27 29
8 69
29 70
15 69
42 46
27 41
17 36
35 71
40 65
19 71
31 43
47 51
1 73
12 76
34 50
9 49
63 77
10 71
2 5
1 79
5 72
0 74
3 28
4 8
1 48
0 55
36 45
27 28
1 53
22 27
24 45
29 46
31 80
41 61
6 60
25 36
14 28
5 55
15 52
27 73
67 77
28 30
3 29
33 55
17 51
25 54
10 48
4 68
6 55
15 59
36 46
1 4
19 30
5 54
15 71
0 15
8 40
2 32
34 73
30 56
31 54
12 77
0 11
18 71
26 76
25 78
7 46
28 76
15 34
24 75
24 31
4 13
12 44
25 60
17 63
25 68
46 74
15 72
35 38
5 62
45 50
28 37
17 70
19 68
37 44
25 33
20 30
6 27
11 78
3 10
9 63
24 48
2 33
23 44
30 66
21 29
1 67
13 31
17 33
26 27
8 51
14 22
10 38
41 74
0 6
4 62
9 68
37 46
20 50
28 46
37 65
49 61
29 41
25 51
7 17
8 45
15 63
13 44
1 7
8 39
26 80
11 19
2 72
49 75
47 56
10 25
0 38
22 39
5 67
21 70
30 35
3 62
54 78
22 23
26 60
7 65
15 51
11 35
21 47
31 75
11 58
15 41
11 68
0 71
28 56
12 60
13 50
24 39
34 43
31 71
22 51
30 69
16 72
6 65
31 52
8 19
7 44
24 62
22 70
7 39
16 63
10 60
37 64
34 75
2 27
13 14
10 37
22 46
15 30
38 63
10 47
29 61
36 60
6 34
29 79
1 9
3 39
14 68
41 71
43 78
32 49
2 28
3 18
6 30
4 31
1 72
39 54
38 75
37 43
14 69
1 15
32 33
14 75
25 45
24 65
3 26
33 59
27 79
6 72
23 47
3 53
25 65
27 50
30 48
13 27
30 64
46 79
30 41
10 68
9 60
6 40
8 31
25 28
6 79
0 25
53 64
46 48
4 24
15 42
16 59
21 75
31 48
17 38
21 38
14 37
36 62
35 52
5 66
28 54
26 70
32 53
26 71
27 36
7 49
6 35
2 40
33 68
17 42
27 76
11 74
32 40
13 35
35 46
22 59
14 40
16 76
33 44
2 34
16 70
38 73
3 54
5 35
12 46
29 60
15 55
26 59
19 39
2 16
16 79
44 53
11 30
14 55
1 80
26 32
15 35
22 28
25 48
11 31
11 37
6 11
16 68
14 19
1 42
24 36
8 49
0 12
28 29
21 40
12 20
16 44
21 78
11 18
25 57
45 55
5 77
3 79
3 77
3 76
35 79
0 78
41 78
19 25
2 12
15 17
30 39
22 25
37 68
17 72
26 40
23 53
19 44
15 25
14 70
41 57
32 59
8 71
22 56
2 17
43 58
0 51
10 73
20 74
5 15
30 55
32 62
34 39
52 68
0 29
10 11
1 17
33 65
14 65
35 67
1 76
2 54
14 36
25 77
7 33
31 65
44 65
19 73
0 43
21 53
7 61
31 66
0 36
22 80
7 12
28 75
43 69
36 56
23 24
8 63
11 26
44 69
27 32
28 45
6 28
4 52
5 45
54 62
9 58
0 13
12 45
35 63
8 22
31 49
30 78
27 80
4 40
7 51
28 35
18 39
24 52
7 58
41 56
0 17
6 10
4 55
34 56
7 37
0 58
12 14
7 50
17 71
5 79
35 39
4 36
34 80
2 41
15 44
18 36
18 25
39 52
0 24
11 66
20 31
20 44
27 33
38 57
5 71
20 57
28 52
22 72
7 54
4 9
11 51
40 75
20 58
11 34
27 43
18 63
19 34
3 47
10 64
12 24
25 26
22 52
10 69
